gml_id,name,art,betreiber,link,strasse,hausnr,einfahrt,preise,oeffnungszeit,stellplaetze_gesamt,frauenst,behindertenst,einfahrtshoehe_in_meter,bemerkung_verkehrsportal,frei,gesamt,auslastung,status,situation,received,pur,punkt,datenherkunft,geometry_25832,geometry_wgs84,lat,lon
DE.HH.UP_PARKHAEUSER_10001,Alsterhaus,Parkhaus,"The KaDeWe Group GmbH, Katharina-Heinroth-Ufer 1, 10787 Berlin",http://www.vincipark.de,Bei der Stadtwassermühle,16-20,Poststraße,"Reguläres Parkentgelt 8:00 - 21:00 Uhr: 1. angef. Std. 4,00 EUR| je weitere Std. 4,00 EUR | Tageshöchstsatz: 28,00 EUR
Nachttarif 21:00 - 8:00 Uhr: 1. angef. Std. 1,50 EUR| je weitere Std. 1,50 EUR | Höchstsatz: 5,00 EUR",täglich 24 Stunden,87.0,6.0,3.0,1.95,,55.0,87.0,37.0,frei,frei,"24.05.2025, 20:13",nein,multi,BWVI_V,POINT (565703.765 5934210.671),POINT (9.991765368166394 53.552668636813),53.552668636813,9.991765368166394
DE.HH.UP_PARKHAEUSER_10002,Am Hauptbahnhof,Parkhaus,Sprinkenhof  ,http://www.sprinkenhof.de,Borgesch,1,über Baumeisterstraße,"2,00 EUR/30min | Tageshöchstsatz 20,00 EUR| Nachttarif 1,50 EUR",täglich 24 Stunden,547.0,6.0,2.0,2.0,,474.0,547.0,13.0,frei,frei,"24.05.2025, 20:13",nein,multi,BWVI_V,POINT (566880.91 5934455.78),POINT (10.009583216031292 53.55472284032642),53.55472284032642,10.009583216031292
DE.HH.UP_PARKHAEUSER_10003,Bavaria Office,Tiefgarage,"APCOA PARKING Deutschland GmbH, Zentale",http://www.apcoa.de,Zirkusweg,4,,"1. Stunde 1,50 EUR|2. Stunde 1,50 EUR|jede weitere Std. 2,00 EUR|Tageshöchstsatz 11,00 EUR",täglich 24 Stunden,58.0,,3.0,2.0,,,,,,keine Auslastungsdaten,,nein,multi,BWVI_V,POINT (564049.209 5933656.001),POINT (9.966681013055734 53.54788810391247),53.54788810391247,9.966681013055734
DE.HH.UP_PARKHAEUSER_10004,Berliner Tor,Tiefgarage,"APCOA PARKING Deutschland GmbH, Zentale",http://www.apcoa.de,Berliner Tor,3a,,"2,80 EUR/h|Tageshöchstsatz 18,00 EUR",täglich 24 Stunden,328.0,,4.0,2.0,,,,,,keine Auslastungsdaten,,nein,multi,BWVI_V,POINT (567679.088 5934684.581),POINT (10.021679349930375 53.5566768154406),53.5566768154406,10.021679349930375
DE.HH.UP_PARKHAEUSER_10006,Parkhaus Stadthöfe (Bleichenhof),Parkhaus,"APCOA PARKING Deutschland GmbH, Zentale",http://www.apcoa.de,Große Bleichen,35,,"3,90 EUR/h|Tageshöchstsatz 32,00 EUR",täglich 24 Stunden,590.0,,2.0,2.0,,123.0,590.0,79.0,frei,frei,"24.05.2025, 20:13",nein,multi,BWVI_V,POINT (565365.871 5934125.564),POINT (9.98664806692789 53.551945936856725),53.551945936856725,9.98664806692789
DE.HH.UP_PARKHAEUSER_10007,Radison Blu,Tiefgarage,Contipark,http://www.contipark.de,Marseiller Straße,1,,"1. Std. 3,00 EUR|je weitere angef. Std. 3,00 EUR|Tagesentgelt 25,00 EUR
",Mo- So 0:00 -24:00 Uhr,700.0,,1.0,1.8,,321.0,700.0,54.0,frei,frei,"24.05.2025, 20:13",nein,multi,BWVI_V,POINT (565423.158 5935148.839),POINT (9.987726812786669 53.56113522935211),53.56113522935211,9.987726812786669
DE.HH.UP_PARKHAEUSER_10010,Deichtorhallen,Parkplatz,Deichtorhallen Hamburg GmbH,http://www.deichtorhallen.de,Deichtorstraße,2,Oberbaumbrücke,"1 Stunde 2,00 EUR|Tageshöchstsatz 20,00 EUR|Nachttarif 22 - 6 Uhr 1,00 EUR",täglich 24 Stunden,37.0,,2.0,2.0,,29.0,37.0,22.0,frei,frei,"24.05.2025, 20:13",nein,multi,BWVI_V,POINT (566587.504 5933580.784),POINT (10.004968591099095 53.54689636518132),53.54689636518132,10.004968591099095
DE.HH.UP_PARKHAEUSER_10011,Deutsch Japanisches Zentrum,Tiefgarage,Contipark,http://www.contipark.de/de-DE/find-parking/hamburg-tiefgarage-deutsch-japanisches-zentrum/,Stadthausbrücke,1,,"Reguläres Parkentgelt: erste 30 Min. 1,50 EUR |zweite 30 Min. 1,50 EUR |Je weitere Std. 3,00 EUR |Tag (24 Std.) 22,00 EUR
Sondertarif (P-Card): erste 30 Min. 0,50 EUR |zweite 30 Min. 1,00 EUR |Je weitere Std. 1,50 EUR |Tag (24 Std.) 9,00 EUR",Mo-So 06:00-23:00 Uhr,199.0,,12.0,2.0,,53.0,199.0,73.0,frei,frei,"24.05.2025, 20:13",nein,multi,BWVI_V,POINT (565271.329 5934043.046),POINT (9.985204032574723 53.55121608807634),53.55121608807634,9.985204032574723
DE.HH.UP_PARKHAEUSER_10012,Elbphilharmonie,Parkhaus,"APCOA PARKING Deutschland GmbH, Zentale",,Platz der Deutschen Einheit,1,,"Parkbereich A Kurzparker (Ebenen OG1 – OG5): 1. Stunde 5,00 EUR|jede weitere Std. 5,00 EUR|Tageshöchstsatz 50,00 EUR & Parkbereich B (UG1 = „Hotel-Bereich“): 1. Stunde 6,00 EUR|jede weitere Std. 6,00 EUR|Tageshöchstsatz 50,00 EUR & Parkbereich C (EG = Umfahrung): 5 Minuten freie |Durchfahrt | je weitere 5 Minuten 1,00 EUR | Tageshöchstsatz 90,00 EUR",Mo.-So 0-24 Uhr,256.0,,23.0,2.1,,156.0,256.0,39.0,frei,frei,"24.05.2025, 20:13",nein,multi,BWVI_V,POINT (565261.142 5932940.259),POINT (9.98482018276581 53.54130630706218),53.54130630706218,9.98482018276581
DE.HH.UP_PARKHAEUSER_10013,Europa-Passage,Parkhaus,Contipark,http://www.contipark.de,Hermannstraße,09 - 11,,"Reguläres Parkentgelt: 1. Std 2,50 EUR |jede weitere Std. 2,50 EUR |Tag (24 Std.) 16,00 EUR
Sondertarif (P-Card): 1. Std 2,00 EUR |jede weitere Std. 2,00 EUR |Tag (24 Std.) 12,00 EUR",Mo.-Sa. 07:00-23:30 Uhr|So. 09:00-23:30 Uhr,700.0,,31.0,2.0,,516.0,700.0,26.0,frei,frei,"24.05.2025, 20:13",nein,multi,BWVI_V,POINT (566030.278 5934134.995),POINT (9.996677118135088 53.551947554541464),53.551947554541464,9.996677118135088
DE.HH.UP_PARKHAEUSER_10014,Fleethof,Tiefgarage,?,,Stadthausbrücke,3,,"1,50 EUR/30min|3,00 EUR/h|Tageshöchstsatz 18,00 EUR",Mo.-Sa. 07:00-22:00 Uhr,63.0,,,2.0,,,,,,keine Auslastungsdaten,,nein,multi,BWVI_V,POINT (565303.056 5933939.457),POINT (9.98566120635301 53.550281161159205),53.550281161159205,9.98566120635301
DE.HH.UP_PARKHAEUSER_10015,City-Parkhaus,Parkhaus,Q-Park      ,,Gertrudenstraße,2,a) Raboisen |b) Rosenstraße,"3,30 EUR/h|Tageshöchstsatz 20,00 EUR",Mo.-Fr. 06:00-23:30 Uhr|Sa. 08:00-23:30 Uhr|So. 10:00-23:30 Uhr,1110.0,,,1.93,,473.0,1110.0,57.0,frei,frei,"24.05.2025, 20:13",nein,multi,BWVI_V,POINT (566301.343 5934248.285),POINT (10.000791980338334 53.552931555351265),53.552931555351265,10.000791980338334
DE.HH.UP_PARKHAEUSER_10016,Große Reichenstraße,Parkhaus,Sprinkenhof  ,http://www.sprinkenhof.de,Große Reichenstraße,14,,"2,00 EUR/30min |Tageshöchstsatz 20,00 EUR|Nachttarif 1,50 EUR
",Mo.-Mi. 07:00-21:00 Uhr|Do.+Fr. 07:00-23:00 Uhr|Sa. 07:00-21:00 Uhr,965.0,3.0,3.0,2.0,,626.0,965.0,35.0,frei,frei,"24.05.2025, 20:13",nein,multi,BWVI_V,POINT (566010.714 5933731.109),POINT (9.996296599034897 53.54832019600793),53.54832019600793,9.996296599034897
DE.HH.UP_PARKHAEUSER_10017,Gänsemarkt,Parkhaus,"APCOA PARKING Deutschland GmbH, Zentale",http://www.opg-os.de,Dammtorwall,5,Welckerstraße,"jede Std 4,50 EUR |Tageshöchstsatz 30,00 EUR",täglich 24 Stunden,614.0,,,2.1,,433.0,614.0,29.0,frei,frei,"24.05.2025, 20:13",nein,multi,BWVI_V,POINT (565368.32 5934747.159),POINT (9.986815010597264 53.557532064624425),53.557532064624425,9.986815010597264
DE.HH.UP_PARKHAEUSER_10018,Hafentor,Parkhaus,,,Johannisbollwerk,,Johannesbollwerk,"2,00 EUR/30min |Tageshöchstsatz 20,00 EUR|Nachttarif 2,00 EUR
","täglich 06:30-02:00 Uhr
",253.0,0.0,8.0,2.5,,143.0,253.0,43.0,frei,frei,"24.05.2025, 20:13",nein,multi,BWVI_V,POINT (564477.494 5933352.515),POINT (9.973081438994878 53.545108167318574),53.545108167318574,9.973081438994878
DE.HH.UP_PARKHAEUSER_10019,Hanse-Viertel,Parkhaus,"APCOA PARKING Deutschland GmbH, Zentale",http://www.apcoa.de,Hohe Bleichen,22,,"ab 3,50 EUR pro Stunde|Tageshöchstsatz 28,00 EUR",Mo.-Sa. 07:00-02:00 Uhr|So. 09:00-02:00 Uhr,431.0,,7.0,2.0,,293.0,431.0,32.0,frei,frei,"24.05.2025, 20:13",nein,multi,BWVI_V,POINT (565418.176 5934315.356),POINT (9.98747715603032 53.55364513139252),53.55364513139252,9.98747715603032
DE.HH.UP_PARKHAEUSER_10020,Hanseatic Trade Center,Parkhaus,SECURITAS Sicherheitsdienste,,Am Sandtorkai,74-77,,k. A.,k. A.,,,,,,,,,,keine Auslastungsdaten,,nein,multi,BWVI_V,POINT (565146.452 5933068.834),POINT (9.983116513695242 53.54247608546514),53.54247608546514,9.983116513695242
DE.HH.UP_PARKHAEUSER_10021,Holzdamm / Ibis,Parkhaus,Ibis Hamburg Alster Centrum,http://www.ibishotel.com,Holzdamm,4-12,,"Reguläres Parkentgelt: 3,00 EUR / Std. |Tageshöchstsatz 29,00 EUR
Sondertarif für Hotelgäste: 2,00 EUR / Std. |Tageshöchstsatz 10,00 EUR (bei Übernachtung)",täglich 24 Stunden,250.0,,,1.9,,101.0,250.0,60.0,frei,frei,"24.05.2025, 20:13",nein,multi,BWVI_V,POINT (566557.509 5934645.053),POINT (10.004742529351688 53.55646497762062),53.55646497762062,10.004742529351688
DE.HH.UP_PARKHAEUSER_10022,Hühnerposten,Parkhaus,Contipark,http://www.contipark.de,Hühnerposten,1,,"Reguläres Parkentgelt: Tagesentgelt 14,00 EUR
Sondertarif: Bis 4 Std. 6,00 EUR|jede weitere Stunde 2,50 EUR|Tageshöchstsatz 11,00 EUR",Mo.-So. 04:00-22:00 Uhr,427.0,,5.0,2.0,,,,,,keine Auslastungsdaten,,nein,multi,BWVI_V,POINT (566770.419 5933841.024),POINT (10.007784322746048 53.54921196943677),53.54921196943677,10.007784322746048
DE.HH.UP_PARKHAEUSER_10024,Kaufhof (Galeria Kaufhof),Parkhaus,Galeria Kaufhof GmbH,http://www.galeria-kaufhof.de,Bugenhagenstraße,1,,"3,00 EUR je angef. Std.|Kunden ab Einkauf v. 10,00 EUR zahlen 2,50 EUR je angef. Std.  ",Mo.-Sa. 07:30-20:30 Uhr,327.0,21.0,,1.95,,220.0,327.0,33.0,frei,frei,"24.05.2025, 20:13",nein,multi,BWVI_V,POINT (566560.848 5933998.538),POINT (10.004655274423786 53.55065418972926),53.55065418972926,10.004655274423786
DE.HH.UP_PARKHAEUSER_10025,Saturn,Parkhaus,Saturn Electro-Handelsges.mbH,http://www.saturn.de,Mönckebergstraße,1,Lange Mühren 12,"3,00 EUR/h|Tageshöchstsatz (gibt kein Tagesticket)",Mo.-Sa. 07:30-22:00 Uhr,287.0,10.0,6.0,1.9,,220.0,287.0,23.0,frei,frei,"08.04.2025, 11:05",nein,multi,BWVI_V,POINT (566608.195 5933991.089),POINT (10.00536821230994 53.55058123954668),53.55058123954668,10.00536821230994
DE.HH.UP_PARKHAEUSER_10026,Kunsthalle,Parkhaus,Sprinkenhof  ,http://www.sprinkenhof.de,Ferdinandstor,1,,"2,00 EUR/30min|Tageshöchstsatz 30,00 EUR|Nachttarif 10,00 EUR",täglich 06:00-22:00 Uhr,111.0,0.0,2.0,1.95,,92.0,111.0,17.0,frei,frei,"08.04.2025, 11:05",nein,multi,BWVI_V,POINT (566349.929 5934592.153),POINT (10.001598229321825 53.55601583283451),53.55601583283451,10.001598229321825
DE.HH.UP_PARKHAEUSER_10027,Madison,Tiefgarage,"APCOA PARKING Deutschland GmbH, Zentale",,Schaarsteinweg,6,Herrengraben,"ab 2,50 EUR pro Stunde|Tageshöchstsatz 32,00 EUR",täglich 24 Stunden,0.0,,3.0,2.0,,50.0,0.0,100.0,frei,besetzt,"24.05.2025, 20:13",nein,multi,BWVI_V,POINT (565038.596 5933504.501),POINT (9.98157972392045 53.54640491638306),53.54640491638306,9.98157972392045
DE.HH.UP_PARKHAEUSER_10028,Marriott,Tiefgarage,"APCOA PARKING Deutschland GmbH, Zentale",http://www.apcoa.de,ABC-Straße,52,Neue ABC-Straße,"4,50 EUR Stunde|Tageshöchstsatz 32,00 EUR",täglich 24 Stunden,106.0,,5.0,1.8,,13.0,106.0,88.0,frei,nahezu belegt,"24.05.2025, 20:13",nein,multi,BWVI_V,POINT (565363.112 5934451.189),POINT (9.986674510426782 53.554872755966024),53.554872755966024,9.986674510426782
DE.HH.UP_PARKHAEUSER_10029,Messe-Mitte,Parkhaus,Hamburg Messe und Congress GmbH,http://www.contipark.de,Lagerstraße,1,,"2,00 EUR/h|Tageshöchstsatz 16,00 EUR",täglich 24 Stunden,850.0,,,2.1,,798.0,850.0,6.0,frei,frei,"24.05.2025, 20:13",nein,multi,BWVI_V,POINT (564497.402 5935112.952),POINT (9.973745028141993 53.56092728553542),53.56092728553542,9.973745028141993
DE.HH.UP_PARKHAEUSER_10030,Messe-Ost,Parkhaus,Hamburg Messe und Congress GmbH,,Bei den Kirchhöfen,,bei Halle B5,"2,00 EUR/h|Tageshöchstsatz 16,00 EUR",täglich 24 Stunden,819.0,,,2.1,,800.0,819.0,2.0,frei,frei,"24.05.2025, 20:13",nein,multi,BWVI_V,POINT (564918.61 5934989.614),POINT (9.980077544858279 53.55976688354804),53.55976688354804,9.980077544858279
DE.HH.UP_PARKHAEUSER_10031,Michel-Garage,Parkhaus,Sprinkenhof  ,http://www.sprinkenhof.de,Schaarmarkt,,a) Schaarsteinweg|b) Neustädter Neuer Weg,"2,00 EUR/30min |Tageshöchstsatz 20,00 EUR|Nachttarif 5,00 EUR",Mo.-Do. 07:00-01:00 Uhr|Fr. 07:00-02:00 Uhr|Sa. 09:30-02:00 Uhr|So. 09:30-01:00 Uhr,297.0,10.0,2.0,2.0,,162.0,297.0,45.0,frei,frei,"24.05.2025, 20:13",nein,multi,BWVI_V,POINT (564805.417 5933513.66),POINT (9.978062986772025 53.54651605955261),53.54651605955261,9.978062986772025
DE.HH.UP_PARKHAEUSER_10032,Millerntor,Parkhaus,GOLDBECK Parking Services GmbH,http://www.apcoa.de,Millerntorplatz,1,Kleine Seilerstraße,"erste 30 Minuten = 1,50 EUR|1. Std. = 3,00 EUR|jede weitere angef. 30 Minuten +1,50 EUR|Tageshöchstsatz 15,00 EUR",täglich 24 Stunden,555.0,,4.0,2.0,,362.0,555.0,35.0,frei,frei,"24.05.2025, 20:13",nein,multi,BWVI_V,POINT (564120.121 5933949.601),POINT (9.967811308519074 53.55051812486837),53.55051812486837,9.967811308519074
DE.HH.UP_PARKHAEUSER_10034,Neues Steintor,Parkhaus,HAMPARK GmbH     040 / 36 88 13 70,http://www.apcoa.de,Hammerbrookstraße,1,a) Hammerbrookstraße; b) Beim Strohhause,"1,30 EUR/h|bis 5,0 Std. 6,50 EUR|Tageshöchstsatz 13,00 EUR|Kundentarif (Real)",Mo.-Sa. 06:00-24:00 Uhr,590.0,,,2.0,,,,,,keine Auslastungsdaten,,nein,multi,BWVI_V,POINT (567560.34 5934162.238),POINT (10.019774160861513 53.551997729821366),53.551997729821366,10.019774160861513
DE.HH.UP_PARKHAEUSER_10035,Nomis Quartier,Tiefgarage,"APCOA PARKING Deutschland GmbH, Zentale",http://www.apcoa.de,Simon-von-Utrecht-Straße,63,,"je 30min 2,80 EUR|Tageshöchstsatz 25,00 EUR",täglich 24 Stunden,271.0,,12.0,1.9,,,,,,keine Auslastungsdaten,,nein,multi,BWVI_V,POINT (563972.699 5934017.052),POINT (9.9656003098587 53.55114231148847),53.55114231148847,9.9656003098587
DE.HH.UP_PARKHAEUSER_10037,Reeperbahn-Garagen (Spielbudenplatz),Parkhaus,Ernst u. Jürgen Schütze    IG St.Pauli Mitglied,http://www.reeperbahn-garagen.de,Spielbudenplatz,,,"1,50 EUR/30min|3,00 EUR/ 1. Std.|Tageshöchstsatz 15,00 EUR",täglich 24 Stunden,200.0,,,2.0,,0.0,200.0,100.0,besetzt,besetzt,"24.05.2025, 20:13",nein,multi,BWVI_V,POINT (564061.102 5933861.027),POINT (9.96690248491269 53.54972928675748),53.54972928675748,9.96690248491269
DE.HH.UP_PARKHAEUSER_10038,Rödingsmarkt,Parkhaus,Sprinkenhof  ,http://www.sprinkenhof.de,Rödingsmarkt,14,Herrlichkeit,"1,50 EUR/30min |Tageshöchstsatz 20,00 EUR|Nachttarif 1,50 EUR
",Mo.-Fr. 07:00-23:00 Uhr|Sa. 07:00-21:00 Uhr,872.0,4.0,,2.0,,687.0,872.0,21.0,frei,frei,"24.05.2025, 20:13",nein,multi,BWVI_V,POINT (565281.345 5933551.459),POINT (9.985252563929127 53.546796818961646),53.546796818961646,9.985252563929127
DE.HH.UP_PARKHAEUSER_10039,Speicherstadt,Parkhaus,Contipark,http://www.contipark.de,Am Sandtorkai,6,,"erste 30 Min. 1,00 EUR|zweite 30 Min. 1,50 EUR|je weitere Std. 2,50 EUR|Tagesentgelt 15,00 EUR|Sondertarif Kreuzfahrer ab 5 Tage 10,00 EUR
",Mo.-So. 00:00-24:00 Uhr,383.0,,32.0,1.95,,68.0,383.0,82.0,frei,frei,"24.05.2025, 20:13",nein,multi,BWVI_V,POINT (565888.774 5933197.991),POINT (9.994344158803813 53.54354424813618),53.54354424813618,9.994344158803813
DE.HH.UP_PARKHAEUSER_10040,Überseequartier Nord,Parkhaus,Contipark,,Überseeallee,3,,"Reguläres Parkentgelt: erste 30 Min. 1,00 EUR |zweite 30 Min. 1,50 EUR |Je weitere Std. 2,50 EUR |Tag (24 Std.) 15,00 EUR
Sondertarif (P-Card): erste 30 Min. 0,50 EUR |zweite 30 Min. 1,00 EUR |Je weitere Std. 1,50 EUR |Tag (24 Std.) 10,00 EUR
Sondertarif Kreuzfahrer: ab 5 Tage 10,00 EUR",Mo.-So. 00:00-24:00 Uhr,350.0,,8.0,2.1,,195.0,350.0,44.0,frei,frei,"24.05.2025, 20:13",nein,multi,BWVI_V,POINT (566094.12 5932981.96),POINT (9.997396929089277 53.54157692179883),53.54157692179883,9.997396929089277
DE.HH.UP_PARKHAEUSER_10045,Bahnhof Altona,Parkhaus,"APCOA PARKING Deutschland GmbH, Zentale",http://www.opg-os.de,Scheel-Plessen-Straße,19,a) Scheel-Plessen-Straße|b) Präsident-Krahn-Straße,"1.Std: 1,30 EUR|ab 2.Std: 1,50 EUR|Tageshöchstsatz 12,00 EUR",täglich 24 Stunden,100.0,3.0,16.0,2.0,,100.0,100.0,0.0,frei,frei,"24.05.2025, 20:13",nein,multi,BWVI_V,POINT (561882.766 5934196.861),POINT (9.934095252127486 53.55300881823601),53.55300881823601,9.934095252127486
DE.HH.UP_PARKHAEUSER_10048,Hahnenkamp,Parkhaus,"APCOA PARKING Deutschland GmbH, Zentale",http://www.opg-os.de,Hahnenkamp,1,,"je 45min 1,00 EUR|Tageshöchstsatz 12,00 EUR",täglich 24 Stunden,70.0,,0.0,2.0,,,,,,keine Auslastungsdaten,,nein,multi,BWVI_V,POINT (561829.929 5934215.554),POINT (9.93330151235029 53.553183045098),53.553183045098,9.93330151235029
DE.HH.UP_PARKHAEUSER_10050,Holzhafen,Tiefgarage,"APCOA PARKING Deutschland GmbH, Zentale",http://www.opg-os.de,Große Elbstraße,61,,"ab 2,50 EUR pro Stunde|Tageshöchstsatz 20,00 EUR",täglich 24 Stunden,445.0,,4.0,2.1,,,,,,keine Auslastungsdaten,,nein,multi,BWVI_V,POINT (562468.985 5933223.841),POINT (9.942748304450653 53.54419449053596),53.54419449053596,9.942748304450653
DE.HH.UP_PARKHAEUSER_10051,Neue Flora,Tiefgarage,"APCOA PARKING Deutschland GmbH, Zentale",http://www.apcoa.de,Stresemannstraße,161,,"2,50 EUR/h|Tageshöchstsatz 14,00 EUR",Mo.-Sa. 07:00-02:00 Uhr / So. 12:00-02:00 Uhr,351.0,6.0,10.0,1.95,,,,,,keine Auslastungsdaten,,nein,multi,BWVI_V,POINT (562898.701 5935312.008),POINT (9.949652510012191 53.56291029864832),53.56291029864832,9.949652510012191
DE.HH.UP_PARKHAEUSER_10052,Neues Forum,Parkhaus,Contipark,http://www.opg-os.de,Lawaetzweg,4,,"Reguläres Parkentgelt: Je angef. Std. 1,50 EUR |Tag (24 Std.) 3,00 EUR
Sondertarif (P-Card): Je angef. Std. 1,50 EUR |Tag (24 Std.) 2,30 EUR",Mo-Sa 07:00 -21:00,75.0,,2.0,2.0,,,,,,keine Auslastungsdaten,,nein,multi,BWVI_V,POINT (562389.431 5934010.327),POINT (9.941704801035737 53.55127239984349),53.55127239984349,9.941704801035737
DE.HH.UP_PARKHAEUSER_10053,Othmarschen Park,Parkhaus,Alpha Parking GmbH,http://www.apcoa.de,Jürgen-Töpfer-Straße,1,,"2,00 EUR/h|Kunden: 1,50 EUR/h",täglich 24 Stunden,800.0,,45.0,2.15,,,,,,keine Auslastungsdaten,,nein,multi,BWVI_V,POINT (559700.124 5934757.247),POINT (9.901260745342192 53.55829801343148),53.55829801343148,9.901260745342192
DE.HH.UP_PARKHAEUSER_10054,Schillerstraße (CCA),Parkhaus,GBDK GmbH,,Schillerstraße,44,,"10 min. frei|1 Std. 1,00 EUR|jede weitere Std. 1,00 EUR|Tageshöchstsatz 15,00 EUR|Nachtparktarif 23-7 Uhr 5,00 EUR",Mo - So 7.00 - 23.00,130.0,,,1.9,,,,,,keine Auslastungsdaten,,nein,multi,BWVI_V,POINT (562178.01 5933946.944),POINT (9.93850148328986 53.550727833101384),53.550727833101384,9.93850148328986
DE.HH.UP_PARKHAEUSER_10055,Stadtlagerhaus,Parkhaus,?,,Große Elbstraße,27,,k. A.,k. A.,,,,,,,,,,keine Auslastungsdaten,,nein,multi,BWVI_V,POINT (562938.322 5933237.774),POINT (9.94983302424969 53.5442636732493),53.5442636732493,9.94983302424969
DE.HH.UP_PARKHAEUSER_10056,Parkplatz blau,Parkplatz,,,,,über Parkplatz grau,,<Null>,200.0,,,,,,,,,keine Auslastungsdaten,,nein,multi,BWVI_V,POINT (559629.689 5938226.535),POINT (9.900860122113508 53.58948606829506),53.58948606829506,9.900860122113508
DE.HH.UP_PARKHAEUSER_10057,Parkplatz braun,Parkplatz,,,,,Schnackenburgallee,,<Null>,1100.0,,,,,,,,,keine Auslastungsdaten,,nein,multi,BWVI_V,POINT (560533.562 5937478.938),POINT (9.914368512789435 53.58266353918712),53.58266353918712,9.914368512789435
DE.HH.UP_PARKHAEUSER_10058,Parkplatz gelb,Parkplatz,,,,,Schnackenburgallee/August-Kirch-Straße,,<Null>,350.0,,,,,,,,,keine Auslastungsdaten,,nein,multi,BWVI_V,POINT (559843.129 5937916.075),POINT (9.904024689585096 53.58667151572423),53.58667151572423,9.904024689585096
DE.HH.UP_PARKHAEUSER_10059,Parkplatz grau,Parkplatz,,,,,Hellgrundweg,,<Null>,350.0,,,,,,,,,keine Auslastungsdaten,,nein,multi,BWVI_V,POINT (559536.813 5938413.069),POINT (9.899492784180643 53.591173083750675),53.591173083750675,9.899492784180643
DE.HH.UP_PARKHAEUSER_10060,Parkplatz grün,Parkplatz,,,,,Luruper Chaussee,,<Null>,200.0,,,,,,,,,keine Auslastungsdaten,,nein,multi,BWVI_V,POINT (558479.119 5937289.969),POINT (9.883304558258653 53.581198301789634),53.581198301789634,9.883304558258653
DE.HH.UP_PARKHAEUSER_10062,Parkplatz rot,Parkplatz,,,,,Hellgrundweg,,<Null>,1900.0,,,,,,,,,keine Auslastungsdaten,,nein,multi,BWVI_V,POINT (559357.203 5938142.313),POINT (9.896728048669802 53.58876004833754),53.58876004833754,9.896728048669802
DE.HH.UP_PARKHAEUSER_10063,Parkplatz weiß,Parkplatz,,,,,über Parkplatz gelb,,<Null>,,,,,,,,,,keine Auslastungsdaten,,nein,multi,BWVI_V,POINT (559699.124 5937938.263),POINT (9.901853809431195 53.58688734399679),53.58688734399679,9.901853809431195
DE.HH.UP_PARKHAEUSER_10064,Hagenbecks Tierpark,Parkhaus,?,,Lokstedter Grenzstraße,9,,,<Null>,491.0,,,,,,,,,keine Auslastungsdaten,,nein,multi,BWVI_V,POINT (562384.378 5938906.507),POINT (9.942606754340337 53.59527665808239),53.59527665808239,9.942606754340337
DE.HH.UP_PARKHAEUSER_10065,Karstadt Eimsbüttel,Parkhaus,Karstadt Warenhaus GmbH,http://www.vincipark.de,Henriettenstraße,52,,"2,00 EUR/h|Tageshöchstsatz 4,00 EUR|Kundentarif (Karstadt)",Mo.-Fr. 07:00-20:30 Uhr | Sa. 07:00 - 19:30 Uhr,307.0,,1.0,2.0,,,,,,keine Auslastungsdaten,,nein,multi,BWVI_V,POINT (563081.918 5936669.274),POINT (9.952692454498187 53.575086497331334),53.575086497331334,9.952692454498187
DE.HH.UP_PARKHAEUSER_10067,EKZ Nedderfeld,Parkhaus,"APCOA PARKING Deutschland GmbH, Zentale",http://www.apcoa.de,Nedderfeld,70,,"1,50 EUR/h|Tageshöchstsatz 10,00 EUR|Kundentarif",Mo.-Sa. ab 08:00 bis 23:00 Uhr / So. geschlossen,526.0,,17.0,2.0,,,,,,keine Auslastungsdaten,,nein,multi,BWVI_V,POINT (564555.437 5939581.458),POINT (9.975545330969753 53.60107971545933),53.60107971545933,9.975545330969753
DE.HH.UP_PARKHAEUSER_10068,Facharztklinik,Tiefgarage,"APCOA PARKING Deutschland GmbH, Zentale",http://www.apcoa.de,Martinistraße,72,,"je 30min 2,50 EUR|Tageshöchstsatz 20,00 EUR",täglich 24 Stunden,206.0,,6.0,2.0,,,,,,keine Auslastungsdaten,,nein,multi,BWVI_V,POINT (564408.765 5938139.032),POINT (9.973031296836815 53.588134346161276),53.588134346161276,9.973031296836815
DE.HH.UP_PARKHAEUSER_10069,Hamburger Meile,Parkhaus,Contipark,http://www.contipark.de,Hamburger Straße,43-49,Desenißstraße,"Reguläres Parkentgelt: Mo.-So. 06:00 - 20:00 Uhr| 1. Std. Frei| je weitere Std. 1,00 EUR| Tag (24 Std.) 8,00 EUR
Abendtarif: Mo.-So. 20:00 - 06:00 Uhr|Je angef. Std. 1,00 EUR |Höchstsatz 3,50 EUR",Mo.-So. 00:00-24:00 Uhr,159.0,,4.0,1.9,,,,,,keine Auslastungsdaten,,nein,multi,BWVI_V,POINT (568426.575 5936762.169),POINT (10.033416445382795 53.57525142006625),53.57525142006625,10.033416445382795
DE.HH.UP_PARKHAEUSER_10070,Hamburger Meile,Parkhaus,Contipark,http://www.contipark.de,Humboldtstraße,6,,"1. Std. Frei |Je weitere Std. 1,00 EUR |Tag (24 Std.) 3,50 EUR

",Mo.-So. 00:00 - 24:00 Uhr,2000.0,,5.0,1.9,,,,,,keine Auslastungsdaten,,nein,multi,BWVI_V,POINT (568080.937 5936381.337),POINT (10.028114317200437 53.57187381230596),53.57187381230596,10.028114317200437
DE.HH.UP_PARKHAEUSER_10071,Hamburger Meile,Tiefgarage,Contipark,http://www.contipark.de,Adolph-Schönfelder-Straße,5,,"Reguläres Parkentgelt: Mo.-So. 06:00 - 20:00 Uhr| 1. Std. Frei| je weitere Std. 1,00 EUR| Tag (24 Std.) 8,00 EUR
Abendtarif: Mo.-So. 20:00 - 06:00 Uhr|Je angef. Std. 1,00 EUR |Höchstsatz 3,50 EUR",Mo.-Sa- 07:00-22.00 Uhr,50.0,,6.0,2.0,,,,,,keine Auslastungsdaten,,nein,multi,BWVI_V,POINT (568455.867 5936763.958),POINT (10.033859142702855 53.57526367623391),53.57526367623391,10.033859142702855
DE.HH.UP_PARKHAEUSER_10072,Marie-Jonas-Platz,Tiefgarage,"APCOA PARKING Deutschland GmbH, Zentale",http://www.apcoa.de,Kümmellstraße,4,,"je 30min 1,50 EUR|Tageshöchstsatz 20,00 EUR",täglich 24 Stunden,275.0,,9.0,2.0,,,,,,keine Auslastungsdaten,,nein,multi,BWVI_V,POINT (565205.591 5938399.476),POINT (9.985121543362421 53.59037652189612),53.59037652189612,9.985121543362421
DE.HH.UP_PARKHAEUSER_10073,Mundsburg Center,Parkhaus,"APCOA PARKING Deutschland GmbH, Zentale",http://www.contipark.de,Humboldtstraße,3-11,,"1,00 EUR/h|Tagesmax: 3,00 EUR",täglich 24 Stunden,298.0,20.0,10.0,1.9,,,,,,keine Auslastungsdaten,,nein,multi,BWVI_V,POINT (568080.773 5936381.518),POINT (10.028111880477095 53.571875460255626),53.571875460255626,10.028111880477095
DE.HH.UP_PARKHAEUSER_10074,Uniklinik Eppendorf,Tiefgarage,"APCOA PARKING Deutschland GmbH, Zentale",http://www.apcoa.de,Martinistraße,52,,"Tagtarif (6:00 - 19:00 Uhr): die ersten 30 Minuten 0,50 EUR|bis 60 Minuten 2,50 EUR |jede weitere angefangene Stunde 2,50 EUR |Maximum Tagtarif: 18,00 EUR
Nachttarif (19.00 - 06.00 Uhr):die ersten 30 Minuten 0,50 EUR|bis 60 Minuten 2,50 EUR |jede weitere angefangene Stunde.: 1,50 EUR |Nachtmaximum: 7,00 EUR Parkdauer|24 Stunden: max. 24,00 EUR",täglich 24 Stunden,915.0,,16.0,2.05,,,,,,keine Auslastungsdaten,,nein,multi,BWVI_V,POINT (564474.22 5938376.744),POINT (9.974069107288718 53.59026267555401),53.59026267555401,9.974069107288718
DE.HH.UP_PARKHAEUSER_10075,Winterhuder Markt,Tiefgarage,Contipark,http://www.contipark.de,Winterhuder Markt,6-7a,,"Reguläres Parkentgelt: Je angef. Std. 1,50 EUR |Tag (24 Std.) 4,50 EUR
Sondertarif (P-Card): Je angef. Std. 1,30 EUR |Tag (24 Std.) 3,50 EUR",Mo.-So. 07:00-22:00 Uhr,230.0,,4.0,1.9,,,,,,keine Auslastungsdaten,,nein,multi,BWVI_V,POINT (566212.85 5938822.525),POINT (10.000426422582883 53.59405229029723),53.59405229029723,10.000426422582883
DE.HH.UP_PARKHAEUSER_10078,Friedrich-Ebert-Damm,Parkhaus,"APCOA PARKING Deutschland GmbH, Zentale",http://www.apcoa.de,Friedrich-Ebert-Damm,112,,"1,50 EUR/h|Tageshöchstsatz 9,00 EUR|Kundentarif (Media-Markt)|Dauerstellplätze",Mo.-Sa. 08:30-20:00 Uhr,257.0,,,2.0,,,,,,keine Auslastungsdaten,,nein,multi,BWVI_V,POINT (572302.384 5938062.787),POINT (10.092241007374007 53.58642008165751),53.58642008165751,10.092241007374007
DE.HH.UP_PARKHAEUSER_10080,Karstadt Wandsbek Parkhaus 1,Tiefgarage,Contipark,http://www.vincipark.de,Quarree,8-10,,"Reguläres Parkentgelt: erste 30 Min. 0,60 EUR |zweite 30 Min. 0,60 EUR |Je weitere Std. 1,20 EUR |Tag (24 Std.) 4,50 EUR
Sondertarif (P-Card): 1. Std. 0,50 EUR |Je weitere Std. 1,00 EUR |Tag (24 Std.) 2,50 EUR",Mo-Do 06:00-24:00 Fr-Sa 06:00-02:00 So-Feier. 06:00-24:00,350.0,,13.0,1.9,,,,,,keine Auslastungsdaten,,nein,multi,BWVI_V,POINT (570560.17 5936498.236),POINT (10.065573516852107 53.57259680414988),53.57259680414988,10.065573516852107
DE.HH.UP_PARKHAEUSER_10102,Parkplatz Cruise Center,Parkplatz,Sprinkenhof  ,,Van-der-Smissen-Strasse,5,,"1,00 EUR/30min |Tageshöchstsatz 10,00 EUR",täglich 24 Stunden|Höchstparkdauer 12 Std.|bei Schiffsanlegung geschlossen,312.0,,,,,,,,,keine Auslastungsdaten,,nein,multi,BWVI_V,POINT (562156.474 5933186.142),POINT (9.938025261422686 53.543892755462906),53.543892755462906,9.938025261422686
DE.HH.UP_PARKHAEUSER_10105,Rindermarkthalle,Parkhaus,"APCOA PARKING Deutschland GmbH, Zentale",,Neuer Kamp,31,,"je Std 2,50 EUR |Tageshöchstsatz 50,00 EUR",täglich 24 Stunden,400.0,,12.0,1.9,,,,,,keine Auslastungsdaten,,nein,multi,BWVI_V,POINT (564111.645 5934645.697),POINT (9.967826149688703 53.55677518863589),53.55677518863589,9.967826149688703
DE.HH.UP_PARKHAEUSER_10106,Ottensen,Parkhaus,Britta Steffens,,Piependreiherweg,2,,"0,80 EUR / Stunde|max. 6,00 EUR / Tag","Mo.- Fr. 8.00 - 20.00 Uhr, Sa. 10.00 - 18.00 Uhr",35.0,35.0,0.0,2.02,,,,,,keine Auslastungsdaten,,nein,multi,BWVI_V,POINT (561501.516 5934213.841),POINT (9.928344610847478 53.55320622540989),53.55320622540989,9.928344610847478
DE.HH.UP_PARKHAEUSER_10107,Falkenried,Tiefgarage,Contipark,,Lehmweg,7,,"1. Std. 2,50 EUR|je weitere angef. Std. 2,50 EUR|Tagesentgelt 16,00 EUR
",Mo-So 06:00-22:00 Uhr,162.0,,7.0,2.0,,,,,,keine Auslastungsdaten,,nein,multi,BWVI_V,POINT (564646.391 5937163.015),POINT (9.976418374527569 53.57933340440343),53.57933340440343,9.976418374527569
DE.HH.UP_PARKHAEUSER_10108,Elbarkaden,Tiefgarage,Contipark,,Honkongstr.,6-10 A,,"Reguläres Parkentgelt: erste 30 Min. 1,00 EUR |zweite 30 Min. 1,50 EUR |Je weitere Std. 2,00 EUR |Tag (24 Std.) 12,00 EUR
Sondertarif (P-Card): erste 30 Min. 0,50 EUR |zweite 30 Min. 0,50 EUR |Je weitere Std. 1,00 EUR |Tag (24 Std.) 9,00 EUR
Sondertarif Kreuzfahrer: ab 5 Tage 9,00 EUR",Mo-So 00:00-24:00 Uhr,160.0,,5.0,2.0,,137.0,160.0,14.0,frei,frei,"24.05.2025, 20:13",nein,multi,BWVI_V,POINT (566351.711 5933086.657),POINT (10.001305675325277 53.54248537921694),53.54248537921694,10.001305675325277
DE.HH.UP_PARKHAEUSER_10109,W 1,Parkhaus,Contipark,,Brauhausstieg,1,,"Reguläres Parkentgelt: erste 30 Min. 0,60 EUR |zweite 30 Min. 0,60 EUR |Je weitere Std. 1,20 EUR |Tag (24 Std.) 4,50 EUR
Sondertarif (P-Card): 1. Std. 0,50 EUR |Je weitere Std. 1,00 EUR |Tag (24 Std.) 2,50 EUR",Mo-Sa 07:00-22:00 Uhr,316.0,,14.0,2.0,,,,,,keine Auslastungsdaten,,nein,multi,BWVI_V,POINT (570221.317 5936367.804),POINT (10.060427919584122 53.571470074099324),53.571470074099324,10.060427919584122
DE.HH.UP_PARKHAEUSER_10110,Karstadt Wandsbek Parkhaus 2,Parkhaus,Contipark,,Quarree,8-10,,"Reguläres Parkentgelt: erste 30 Min. 0,60 EUR |zweite 30 Min. 0,60 EUR |Je weitere Std. 1,20 EUR |Tag (24 Std.) 4,50 EUR
Sondertarif (P-Card): 1. Std. 0,50 EUR |Je weitere Std. 1,00 EUR |Tag (24 Std.) 2,50 EUR",Mo-Sa 06:00-21:00 Uhr,571.0,,20.0,1.9,,,,,,keine Auslastungsdaten,,nein,multi,BWVI_V,POINT (570666.101 5936619.598),POINT (10.067200408235554 53.57367322647623),53.57367322647623,10.067200408235554
DE.HH.UP_PARKHAEUSER_10111,Tanzende Türme,Tiefgarage,Contipark,http://www.contipark.de/de-DE/find-parking/hamburg-tiefgarage-tanzende-tuerme/,Zirkusweg,20,,"Reguläres Parkentgelt: Je angef. Std. 4,00 EUR |Tag (24 Std.) 22,00 EUR  
Sondertarif (P-Card): Je angef. Std. 3,00 EUR |Tag (24 Std.) 10,00 EUR",Mo-So 00:00-24:00 Uhr,310.0,,16.0,2.0,,,,,,keine Auslastungsdaten,,nein,multi,BWVI_V,POINT (564141.647 5933834.997),POINT (9.968112656180114 53.54948551369198),53.54948551369198,9.968112656180114
DE.HH.UP_PARKHAEUSER_10112,Hansa- Theater,Parkplatz,Contipark,,Bremer Reihe,16-18,,"Je angefangene Std. 2,00 EUR|Tag (24 Std.) 10,00 EUR
",Mo-So 00:00-24:00 Uhr,51.0,,,,,,,,,keine Auslastungsdaten,,nein,multi,BWVI_V,POINT (566950.179 5934356.264),POINT (10.01060735633889 53.55381964157093),53.55381964157093,10.01060735633889
DE.HH.UP_PARKHAEUSER_10115,Hühnerposten,Parkplatz,Contipark,,Hühnerposten,1-2,,"je Std. 2,20 EUR|Tag 15,00 EUR
",Mo-So 00:00-24:00 Uhr,16.0,,,,,,,,,keine Auslastungsdaten,,nein,multi,BWVI_V,POINT (566825.898 5933874.362),POINT (10.00862866465952 53.54950452687623),53.54950452687623,10.00862866465952
DE.HH.UP_PARKHAEUSER_10118,Alter Wall / BUCERIUS-Passage,Tiefgarage,"APCOA PARKING Deutschland GmbH, Zentale",http://www.apcoa.de,Alter Wall,20-22,,"ab 3,90 EUR pro Stunde|bis maximal 32,00 EUR pro Tag",täglich 24 Stunden,150.0,,8.0,2.1,,103.0,150.0,31.0,frei,frei,"24.05.2025, 20:13",nein,multi,BWVI_V,POINT (565643.501 5933975.149),POINT (9.990806413949137 53.55055948063883),53.55055948063883,9.990806413949137
DE.HH.UP_PARKHAEUSER_10127,Mercado (Einkaufszentrum),Parkhaus,Contipark,,Hahnenkamp,3,,"Reguläres Parkentgelt: erste 30 Min. 0,50 EUR |zweite 30 Min. 0,50 EUR |Je weitere Std. 1,20 EUR |Tag (24 Std.) 8,00 EUR  
Sondertarif (P-Card): je angefangene Std. 0,50 EUR |Tag (24 Std.) 5,00 EUR",täglich 00 - 24 Uhr,400.0,6.0,25.0,1.9,,204.0,400.0,49.0,frei,frei,"24.05.2025, 20:13",,,,POINT (561828.062 5934220.806),POINT (9.933274373426519 53.5532304667918),53.5532304667918,9.933274373426519
DE.HH.UP_PARKHAEUSER_10140,StadtKontor Parking,parkhaus,Alphaparking,,Norderstraße,,über Norderstraße 101,"1,00 EUR je Stunde, Tageshöchstsatz 12,00 EUR",täglich 00 - 24 Uhr,450.0,,,1.9,,,,,,keine Auslastungsdaten,,,,,POINT (567195.429 5933937.17),POINT (10.014218676180413 53.550021833031465),53.550021833031465,10.014218676180413
